0,1,2,3,4,5,6,7,8,9,10,11,12,13,14,15,16,17,18,19,20,21,22,23,24,25,26,27,28,29,30,31,32,33,34,35,36,37,38,39,40,41,42,43,44,45,46,47,48,49,50,51,52,53,54,55,56,57,58,59,60,61,62,63,64,65,66,67,68,69,70,71,72,73,74,75,76,77,78,79,80,81,82,83
1.0000002,0.58741647,0.5179881,0.6344873,0.49634755,0.52059144,0.58054173,0.62318265,0.49707508,0.51454586,0.5562794,0.6150178,0.46050406,0.5523112,0.6379596,0.58762795,0.5076329,0.5401997,0.6087818,0.5479064,0.18452403,0.12272049,0.168993,0.20575589,0.18278512,0.2011359,0.18373202,0.25687116,0.20449671,0.14766875,0.1295963,0.14380354,0.06407559,0.08145704,0.15679729,0.16556822,0.09924637,0.03858128,0.18195465,0.1464802,0.1768285,0.11867958,0.06857777,0.05891396,0.07671258,0.093865864,0.10249044,0.080130465,0.115551144,0.1602786,0.10156271,0.013702785,0.061800808,0.08611642,0.09110436,0.016990323,0.049942162,0.15966187,-0.038122036,-0.05489838,0.045115422,0.036485262,0.1408447,0.049532667,0.20840093,0.10226783,0.108697794,0.20383658,0.12427433,0.08874468,0.14207721,0.12361574,0.1445135,0.14082502,0.10643946,0.1579785,0.16168943,0.10713568,0.04329655,0.1396013,0.1352706,0.15684465,0.046209432,0.05783435
0.58741647,1.0000002,0.49422836,0.5462592,0.39756548,0.40577832,0.4290117,0.46880746,0.5142237,0.5709754,0.59071296,0.47053608,0.3832516,0.52163625,0.56270456,0.49558195,0.7029309,0.5648872,0.55205894,0.49949837,0.28322566,0.2619036,0.28202873,0.27391362,0.20697625,0.27869993,0.2020238,0.27117717,0.27008533,0.29303145,0.15739925,0.08848271,0.17921397,0.0646762,0.26636162,0.14312544,0.34159014,0.18982133,0.31355092,0.2506546,0.42264342,0.22927572,0.15606889,0.18111257,0.15293086,0.13964345,0.110211894,0.15712717,0.119790435,0.19977662,0.14853996,0.14325972,0.06554636,0.00947997,0.09143394,0.02029475,0.15286142,0.04602713,0.14395043,0.06507077,0.22847968,0.111670375,0.13645121,0.043961927,0.28205222,0.19257021,0.22542258,0.21916601,0.18604815,0.18515213,0.13397303,0.12743746,0.17703977,0.3169793,0.12034978,0.2633712,0.3124589,0.13340165,0.15609851,0.26689327,0.25410956,0.23261547,0.21884128,0.15591337
0.5179881,0.49422836,1.0,0.43992943,0.34529996,0.3917545,0.4942357,0.5041201,0.3605947,0.48190722,0.42000866,0.39782065,0.40981373,0.4655692,0.49714875,0.6577426,0.43761367,0.38939118,0.46398467,0.42461455,0.06675476,0.028211253,0.060536552,0.04572985,0.013623308,0.059200976,0.08820564,0.08340008,0.07220266,0.14433977,0.024712726,0.04946109,0.13490482,0.049261767,0.16866317,0.02762685,0.13457368,0.018370273,0.14546704,0.098865226,0.109610826,0.07907075,-0.010534463,-0.02088071,-0.011846007,-0.024805104,-0.07443006,-0.013010805,0.042949695,0.010712614,0.021802269,0.021391,0.017481323,0.0070818774,0.09282029,0.06431564,0.052333143,-0.03503684,-0.02394251,-0.043323163,0.06056423,0.019065136,0.020512419,-0.037333347,-0.011152897,-0.028480524,0.032756355,0.0431588,-0.006995134,0.2608199,0.034497336,-0.0018567648,-0.010107532,0.07346392,0.10149795,0.013421329,0.03927866,0.07082542,0.026708456,0.050189614,-0.020278627,0.11573468,-0.025469892,0.027816797
0.6344873,0.5462592,0.43992943,1.0,0.47566718,0.43208095,0.4495781,0.48350218,0.4745875,0.6207384,0.43950066,0.5035553,0.4143604,0.4485442,0.5911124,0.4895483,0.46730345,0.46435285,0.537679,0.6263428,0.11936896,0.06768091,0.12874302,0.10980952,0.02073121,0.1256726,0.007835522,0.09307365,0.13166532,0.13300183,0.013579752,-0.009217261,-0.04667382,-0.018673383,0.034636665,0.033847306,-0.008241392,0.051482916,0.101287305,0.091215014,0.12983942,0.06619915,0.13800783,0.1579333,0.15104581,0.123562545,0.11059631,0.14696032,0.03527958,0.11721061,0.10691374,0.08316973,0.053242013,0.0017415052,0.11628588,0.05576028,0.030770622,0.071398795,0.063151896,0.057405107,0.050569892,0.06813975,0.05637143,0.0121924635,0.17297192,0.16384752,0.03332636,0.1454297,0.06722342,0.021064922,0.04189111,0.0401939,0.04357937,0.15634698,0.031219041,0.12958401,0.2091395,0.037595026,0.07902005,0.007310838,0.16486049,0.10901828,0.0696758,-0.01600905
0.49634755,0.39756548,0.34529996,0.47566718,1.0000002,0.46645498,0.40949365,0.47547445,0.48182672,0.4701668,0.3761867,0.41005334,0.43951285,0.4556339,0.5393857,0.48718047,0.5063113,0.43117917,0.5834868,0.48829556,0.16026361,0.18600342,0.15533656,0.1658116,0.12836523,0.15048032,0.12653145,0.16770792,0.121516325,0.09574228,0.10819288,0.16692294,0.06154512,0.06858673,0.10415819,0.22313824,0.0665479,0.07732457,0.09638986,0.20456447,0.15531766,0.098411724,0.21357566,0.19239625,0.22260542,0.20754428,0.14020088,0.19135681,0.17217931,0.22890408,0.19133267,0.15772817,0.17308524,0.1864728,0.14771767,0.16411662,0.1686612,0.30254996,0.1890567,0.10455111,0.15663192,0.11390877,0.17262527,0.102806434,0.1524227,0.15250552,0.0718627,0.15608151,0.090105504,0.06285797,0.13770781,0.09788217,0.2280039,0.10234451,0.11045474,0.14331341,0.15848762,0.11351914,0.09787116,0.1270022,0.13835338,0.23330131,0.15777935,-0.018538661
0.52059144,0.40577832,0.3917545,0.43208095,0.46645498,0.9999999,0.51089585,0.4655407,0.5544313,0.44906992,0.42902684,0.43922687,0.47011507,0.5300224,0.48638988,0.5353942,0.4446576,0.56916046,0.5873147,0.47135058,0.0718508,0.020117603,0.038104367,0.06436917,0.06020496,0.078084014,0.10380499,0.07230927,0.08311038,0.065745264,0.100883916,0.09465216,0.063004375,0.10313194,0.10496046,0.2574314,0.029801788,-0.030992463,0.12178496,0.0473316,0.07454361,0.04501734,0.03725514,0.0018686419,0.035109628,0.04451201,0.015503902,0.04097336,0.07992761,0.048053507,0.05584126,0.02730696,0.08919055,0.063264646,0.077138186,0.06499021,0.079610914,0.121642396,0.0039848466,-0.04370369,0.059955366,0.0033393807,0.054360796,-0.06481408,0.061891247,0.0039692777,0.009803783,0.049946126,0.06067995,0.027090902,0.09960443,0.06256058,0.052002005,0.05027122,0.07368846,0.026054328,0.104918994,0.003896336,0.090583324,0.074860245,0.10355276,0.14713825,0.019203065,-0.040847626
0.58054173,0.4290117,0.4942357,0.4495781,0.40949365,0.51089585,1.0000001,0.48488224,0.4899625,0.46331167,0.506256,0.72145754,0.43971443,0.5550953,0.5415672,0.54555285,0.46516454,0.5664403,0.5911667,0.48480672,0.07965416,0.027290398,0.045273002,0.06508962,0.028888749,0.09738263,0.048332073,0.063167185,0.058392704,0.07121494,0.09173539,0.052763052,0.020444551,0.06070412,0.083086595,0.10446649,0.037817016,-0.07654933,0.069642216,0.045160495,0.030238891,0.048905622,0.0018078908,-0.002428703,0.016420802,0.0010058917,0.0023879576,0.010958768,-0.023846578,-0.02008715,-0.020475335,-0.0051764715,0.035181154,-0.0059208386,-0.008516321,0.06969006,-0.01867546,0.005419505,-0.07188858,-0.13836797,-0.027648922,-0.052972198,0.0050731227,-0.041937858,0.05091314,-0.02219125,0.005260825,-0.01832284,-0.041703735,0.06764501,0.086083435,0.104438044,0.00041354075,-0.0068377005,0.07133743,-0.035196662,0.098969184,-0.03647139,0.02673189,0.0388248,0.08176915,0.05632077,-0.03367879,-0.012541078
0.62318265,0.46880746,0.5041201,0.48350218,0.47547445,0.4655407,0.48488224,0.9999999,0.42584437,0.47446585,0.5550592,0.44380903,0.4401068,0.70016265,0.5959362,0.4945699,0.42847258,0.522813,0.63301206,0.5133476,0.11102023,0.056963243,0.08514554,0.09163001,0.0117363725,0.09970979,0.1821046,0.11001581,0.11038712,0.11528453,0.16840541,0.13969666,0.08137058,0.018695753,0.13413408,0.10240101,0.063031115,-0.02637717,0.09880218,0.11891467,0.1746217,0.086278535,0.09562699,0.0895561,0.11456905,0.092932135,0.05509574,0.085710466,0.17765261,0.1027409,0.12878957,0.070290014,0.16441345,0.12201883,0.20549722,0.06843522,0.090620294,0.13863382,0.058327045,-0.032939315,0.07355264,0.064660296,0.17311668,0.08575708,0.108012944,0.012035122,0.1248834,0.07775241,0.0887281,0.13699111,0.17901134,0.079735175,0.10138374,0.11076922,0.0901005,0.09924118,0.12836234,0.023509018,0.089537546,0.14769238,0.082887456,0.14898218,0.0070272647,-0.0035039023
0.49707508,0.5142237,0.3605947,0.4745875,0.48182672,0.5544313,0.4899625,0.42584437,1.0,0.55231285,0.54685605,0.59373176,0.4110123,0.54126996,0.46014947,0.43005306,0.541174,0.50176275,0.57649076,0.4913931,0.16667159,0.15073901,0.13228494,0.14899485,0.12810764,0.16121066,0.18223016,0.15248933,0.16155957,0.23017278,0.22739476,0.2859813,0.15878466,0.120766066,0.1707556,0.22462165,0.1551357,0.08838974,0.17332506,0.16144618,0.21933499,0.112001374,0.05745323,0.05542517,0.06905711,0.051377803,0.027799016,0.055768136,0.0994162,0.078134425,0.06737583,0.08161033,0.12167176,0.17397529,0.07137034,0.025322422,0.0314718,0.101545736,0.06390992,0.0039545186,0.08345028,0.017823007,0.08545188,-0.063277476,0.06795135,0.11483505,0.0761143,0.08320439,0.051972255,0.06312554,0.1783852,0.23511578,0.07451645,0.11234039,0.088374816,0.08637874,0.121684805,0.041766103,0.036556877,0.1736701,0.114808664,0.1892492,0.08566058,0.007661931
0.51454586,0.5709754,0.48190722,0.6207384,0.4701668,0.44906992,0.46331167,0.47446585,0.55231285,1.0000002,0.44788265,0.4994017,0.3482908,0.45263797,0.560338,0.53515565,0.5954263,0.49984458,0.54167163,0.67816174,0.11578081,0.14313662,0.11506177,0.09025725,0.08735944,0.116287515,0.043663852,0.097471535,0.075155705,0.1019359,0.027300835,0.027580284,0.0224314,-0.020438123,0.08758241,0.07383647,0.019896068,-0.014328426,0.082642324,0.1274845,0.1956162,0.019849874,0.13241841,0.1220151,0.15511699,0.10394434,0.07397552,0.13456374,0.053065076,0.10435636,0.08659893,0.08974754,0.06421139,0.023081023,0.095212996,0.012350966,0.063398615,0.062564485,0.096147016,-0.0050812596,0.07587734,0.032469213,0.06635857,-0.0048605,0.06750892,0.12604482,0.028693222,0.08793601,0.0033282526,0.033761613,0.021057189,0.021024492,0.074826196,0.08915048,0.08087387,0.12468222,0.17390496,0.043637916,0.06162548,0.04099272,0.14380588,0.08897584,0.010903792,0.009874765
0.5562794,0.59071296,0.42000866,0.43950066,0.3761867,0.42902684,0.506256,0.5550592,0.54685605,0.44788265,1.0,0.5423831,0.48848015,0.5802702,0.56443906,0.44495445,0.57329285,0.61368245,0.48983282,0.47335875,0.056339655,0.02820628,0.032742813,0.053644463,0.003576764,0.046458244,0.13162547,0.097767964,0.037012868,0.01115549,0.40341562,0.21074182,0.047299642,-0.019321226,0.022700371,-0.020578286,0.1520288,0.023466937,0.11383867,0.07774902,0.16024433,0.048000194,0.06744195,0.08634275,0.084795356,0.078962505,0.061347753,0.05384776,0.15991485,0.13511695,0.08260802,0.027234294,0.39071447,0.22413865,0.14666864,0.016979715,0.030799707,0.12408584,0.16972983,0.0740721,0.15600283,0.07221969,0.15828441,0.08859101,0.041949503,0.0132845985,0.10804136,0.048240118,-0.0067814924,0.021878075,0.3596899,0.08176387,0.026975777,0.048951447,0.028565656,0.022377532,0.083611496,-0.019053165,0.03402184,0.24241716,0.06998624,0.061458178,0.062173486,0.0042378604
0.6150178,0.47053608,0.39782065,0.5035553,0.41005334,0.43922687,0.72145754,0.44380903,0.59373176,0.4994017,0.5423831,1.0000002,0.403898,0.49245667,0.54171056,0.47190875,0.412418,0.56463677,0.5426703,0.5071615,0.073769376,0.037209097,0.0368879,0.07263935,0.055047788,0.100900136,0.06746663,0.08328209,0.05868888,0.036156684,0.09545831,0.14999586,0.024121314,0.025178978,0.073490515,0.062501036,-0.011912774,-0.040185865,0.023259576,0.030775346,0.0550531,0.0363454,0.07773179,0.0871069,0.09439953,0.08353663,0.111174345,0.091090545,0.06786461,0.088102475,0.06895444,0.064604186,0.10012135,0.17223056,0.06682215,0.04129734,0.05744256,0.07862192,-0.0069729052,-0.03552469,-0.003323108,0.03418058,0.092563465,0.015997939,0.07020991,0.030745156,0.019023597,0.021597771,-0.0074991025,0.005644262,0.09941618,0.1468377,0.013442868,0.021260284,0.03736908,0.023188625,0.105624825,-0.015004482,-0.026507929,0.014798945,0.059108905,0.020299066,-0.011510335,-0.006753262
0.46050406,0.3832516,0.40981373,0.4143604,0.43951285,0.47011507,0.43971443,0.4401068,0.4110123,0.3482908,0.48848015,0.403898,1.0000001,0.36636233,0.5581292,0.4585252,0.40490785,0.3928422,0.56229806,0.3562941,0.06260667,-0.027201269,0.0446907,0.06942905,0.07078974,0.053049643,0.011133229,0.043319695,0.03312911,0.09213114,0.08003601,0.07710481,-0.01941493,0.0071130805,0.03129543,0.044192016,0.043516003,0.005299289,0.15692079,0.04950248,0.049716853,0.10076337,-0.022613537,-0.03427229,-0.01907384,-0.011180716,-0.028757283,-0.027793465,-0.019756,0.0137561755,-0.035281856,-0.012138071,0.038849104,0.046486065,-0.011036468,0.041662447,-0.024225835,0.031309515,-0.036452103,-0.029616918,0.10590519,0.055153742,-0.03477384,0.010941964,0.032485414,-0.042195186,-0.0064403266,-0.00031451616,0.017633133,0.03616431,0.10661933,0.056625307,-0.02520584,0.016658958,0.055063885,-0.023124663,0.0677178,-0.039721422,0.08128698,0.05590044,0.10918294,0.102991074,0.054924913,-0.017065927
0.5523112,0.52163625,0.4655692,0.4485442,0.4556339,0.5300224,0.5550953,0.70016265,0.54126996,0.45263797,0.5802702,0.49245667,0.36636233,1.0000001,0.52966774,0.54203844,0.50801563,0.55680156,0.6914387,0.49356112,0.11137491,0.06499694,0.09220351,0.084288165,0.006558759,0.08558105,0.16756546,0.0979802,0.12809046,0.12146232,0.13922964,0.19497757,0.10307714,0.03819488,0.1148393,0.16187194,0.16565779,0.011974927,0.0986756,0.1417533,0.21064281,0.086636886,-0.0023526438,-0.00093277916,0.023617113,-0.01584709,-0.04651215,-0.027780954,0.05993353,0.00308555,0.021619577,-0.021765241,0.048443343,0.077721,0.068749346,0.029910818,-0.015196536,0.049983244,-0.0012334399,-0.07247908,-0.010173064,-0.04578308,0.06019216,-0.010255658,0.073413804,-0.0027010608,0.06138955,0.0016017463,0.07697725,0.035825156,0.114472546,0.16608989,0.07661015,0.099391714,0.1011487,0.095768616,0.16020335,0.0032083504,0.113079906,0.18694562,0.13114156,0.12577884,0.032893866,-0.009880792
0.6379596,0.56270456,0.49714875,0.5911124,0.5393857,0.48638988,0.5415672,0.5959362,0.46014947,0.560338,0.56443906,0.54171056,0.5581292,0.52966774,1.0000001,0.58652925,0.5374907,0.66128695,0.6475546,0.5398679,0.14436287,0.1394976,0.1412772,0.13990214,0.12423015,0.15493752,0.096592434,0.13789703,0.1560966,0.11608423,0.12547326,0.09461493,0.034726392,0.028355356,0.09447028,0.12584387,0.09038068,0.047326528,0.15104963,0.16990367,0.19436657,0.13812412,0.08159541,0.072589636,0.10161767,0.073993556,0.06939029,0.09484185,0.063704625,0.097303964,0.09084858,0.024074575,0.11337921,0.08023476,0.05269108,-0.008613577,0.011542249,0.10171492,0.010938056,-0.01406169,0.08620584,0.06419094,0.075806856,0.050717756,0.2333233,0.1569578,0.13354003,0.16281149,0.14678192,0.122477286,0.17403558,0.122714505,0.13975868,0.166637,0.09179373,0.16519451,0.23705435,0.11156482,0.13392897,0.12580752,0.22905381,0.16319114,0.11473338,0.026395783
0.58762795,0.49558195,0.6577426,0.4895483,0.48718047,0.5353942,0.54555285,0.4945699,0.43005306,0.53515565,0.44495445,0.47190875,0.4585252,0.54203844,0.58652925,1.0,0.47734755,0.54085183,0.6681046,0.48105547,0.10391887,0.075063854,0.068648525,0.09116184,0.059408072,0.11607816,0.026592463,0.08631564,0.11419299,0.1455774,0.03512286,0.05632117,0.00033149868,0.057270277,0.090316534,0.09993537,0.099256836,-0.008964509,0.12823193,0.1628542,0.10884365,0.09331088,0.06858997,0.03630349,0.04651468,0.0556254,0.0187582,0.08223609,0.009642452,0.06643738,0.07272491,0.07668542,0.042124774,0.03293089,0.023446945,0.07534331,0.04294726,0.06933475,0.027436396,-0.029079998,0.07405229,0.04809302,0.005034115,-0.009159878,0.1322834,0.08184544,0.021753494,0.081517026,0.10947394,0.1400548,0.07967323,0.10637131,0.06506475,0.1747579,0.20335427,0.08641203,0.16733235,0.064830214,0.14978981,0.091795266,0.15555662,0.18998104,0.07865465,0.01539072
0.5076329,0.7029309,0.43761367,0.46730345,0.5063113,0.4446576,0.46516454,0.42847258,0.541174,0.5954263,0.57329285,0.412418,0.40490785,0.50801563,0.5374907,0.47734755,0.99999994,0.6055192,0.5500276,0.4627515,0.18938853,0.21437046,0.17817205,0.18473867,0.1624307,0.1695507,0.1873944,0.20256415,0.12854359,0.22345561,0.15859532,0.123298384,0.0962594,0.009907823,0.11688128,0.13994771,0.24745393,0.13658375,0.24665782,0.21575265,0.36388704,0.13597764,0.14959472,0.15690391,0.15622365,0.13351896,0.08867576,0.12758048,0.15066627,0.18428253,0.107084826,0.14871874,0.128144,0.07730593,0.102436006,0.026876127,0.07685375,0.09930429,0.1962218,0.09973562,0.2461142,0.08710329,0.14474958,0.050351948,0.12283029,0.13049637,0.13044594,0.12276475,0.056576956,0.050070193,0.09745327,0.04676305,0.09902528,0.1781044,0.051188648,0.1535221,0.20432328,0.040011473,0.11200683,0.22649172,0.18749258,0.212919,0.14285584,0.048313368
0.5401997,0.5648872,0.38939118,0.46435285,0.43117917,0.56916046,0.5664403,0.522813,0.50176275,0.49984458,0.61368245,0.56463677,0.3928422,0.55680156,0.66128695,0.54085183,0.6055192,0.9999999,0.56419885,0.5022625,0.13926153,0.07785919,0.08706937,0.1327688,0.05098343,0.15095042,0.16546795,0.15806836,0.09656567,0.07848348,0.24252023,0.18667608,0.069505766,0.0063290987,0.10984932,0.18526079,0.12624381,-0.009088557,0.1516005,0.107695304,0.14862972,0.091508105,0.059660047,0.03360767,0.06142622,0.0592548,0.01674321,0.07660457,0.094353296,0.09855196,0.044252142,0.014697988,0.17068195,0.12565845,0.083723225,-0.0064335302,0.03617365,0.11117652,0.04598252,-0.06453391,0.079795286,0.04054372,0.046595052,0.013733191,0.11916057,0.02621905,0.081303075,0.05816989,0.039322298,0.046661265,0.191086,0.089428104,0.025407989,0.06892605,0.059140325,0.07125601,0.1388957,0.012844374,0.008538444,0.162004,0.095030874,0.12584057,0.015757881,-0.06467897
0.6087818,0.55205894,0.46398467,0.537679,0.5834868,0.5873147,0.5911667,0.63301206,0.57649076,0.54167163,0.48983282,0.5426703,0.56229806,0.6914387,0.6475546,0.6681046,0.5500276,0.56419885,1.0000002,0.5168746,0.16565946,0.098239414,0.14737011,0.14652514,0.06524104,0.15640424,0.07924028,0.11995661,0.15656671,0.1900869,0.047533717,0.07527992,0.008605342,0.043154888,0.12251816,0.15546118,0.08405167,0.046681933,0.13617386,0.19170314,0.17051792,0.1241826,0.08734435,0.08661407,0.102767065,0.07005159,0.019816715,0.07932983,0.016825259,0.055423036,0.060069818,0.10307586,0.012150297,0.0030394872,0.04339018,0.10672663,0.031174766,0.12167367,0.012470992,-0.019463241,0.06654775,0.025916843,0.040072486,-0.037207205,0.15960117,0.08635184,0.060536064,0.09289283,0.073563024,0.0702996,0.07827674,0.12174318,0.09587919,0.15447739,0.10146163,0.1084802,0.19329667,0.043428145,0.13454819,0.06171254,0.18957102,0.1687985,0.056063995,-0.026152238
0.5479064,0.49949837,0.42461455,0.6263428,0.48829556,0.47135058,0.48480672,0.5133476,0.4913931,0.67816174,0.47335875,0.5071615,0.3562941,0.49356112,0.5398679,0.48105547,0.4627515,0.5022625,0.5168746,1.0,0.09613418,0.0707649,0.07454081,0.08349594,0.0148060415,0.094509274,0.051607788,0.06656554,0.07059254,0.07081112,0.06818524,0.07507184,0.020205854,0.038734116,0.039171074,0.099400625,-0.015893389,-0.046276413,0.024844911,0.10152742,0.1530554,0.015681034,0.12656263,0.13329113,0.13913569,0.11386345,0.08114557,0.12587541,0.08519068,0.112571985,0.12170148,0.09230091,0.10715674,0.10046953,0.10398337,0.0521214,0.038247168,0.16513619,0.09481144,-0.008518312,0.0419486,0.04074328,0.07691726,0.007095199,0.122530565,0.09739651,0.06995464,0.112957455,0.06761402,0.027879326,0.120316,0.07835192,0.13542387,0.12749527,0.08038541,0.15641603,0.14236751,0.030385902,0.10808515,0.08278333,0.19672786,0.13645446,0.021047097,0.02645155
0.18452403,0.28322566,0.06675476,0.11936896,0.16026361,0.0718508,0.07965416,0.11102023,0.16667159,0.11578081,0.056339655,0.073769376,0.06260667,0.11137491,0.14436287,0.10391887,0.18938853,0.13926153,0.16565946,0.09613418,1.0000002,0.72279364,0.93329096,0.9824525,0.6501605,0.96508014,0.7173447,0.75569,0.81450224,0.70886457,0.6566573,0.551908,0.6653732,0.53479815,0.7768235,0.49514478,0.687631,0.6950343,0.7098608,0.60537285,0.6552963,0.67659914,0.38743,0.2800323,0.29618168,0.38937515,0.2668106,0.37729725,0.33173645,0.34628564,0.32104534,0.19974509,0.19310436,0.1897463,0.24935609,0.059324615,0.27409634,0.22821732,0.18862635,0.18830895,0.36506584,0.27605873,0.30636546,0.22937989,0.44253713,0.26404107,0.40668958,0.32595974,0.4207554,0.28667283,0.1980973,0.18766218,0.21877404,0.30552554,0.26080212,0.31210288,0.19785115,0.3111261,0.19572219,0.19225252,0.24192427,0.28060222,0.25396305,0.10261059
0.12272049,0.2619036,0.028211253,0.06768091,0.18600342,0.020117603,0.027290398,0.056963243,0.15073901,0.14313662,0.02820628,0.037209097,-0.027201269,0.06499694,0.1394976,0.075063854,0.21437046,0.07785919,0.098239414,0.0707649,0.72279364,0.99999994,0.77327174,0.7181594,0.63561296,0.67271197,0.57083946,0.63491976,0.7312045,0.6188147,0.536359,0.4241552,0.5472902,0.43515503,0.6153282,0.45295343,0.5964755,0.6218004,0.55169296,0.5708072,0.60040873,0.53075063,0.27795708,0.25722486,0.27406174,0.2645077,0.21005657,0.25069183,0.24961591,0.28543133,0.33347827,0.17837173,0.1627586,0.096623704,0.14386554,0.0102982875,0.23283307,0.27266532,0.19390517,0.20554034,0.31329212,0.13635007,0.26623052,0.1211233,0.41292146,0.5906236,0.37861758,0.37757814,0.4400654,0.28206682,0.27157772,0.23384619,0.35855106,0.38605207,0.2646199,0.36560023,0.32586348,0.3387254,0.2245071,0.27499232,0.35773575,0.33320713,0.31844133,0.21383318
0.168993,0.28202873,0.060536552,0.12874302,0.15533656,0.038104367,0.045273002,0.08514554,0.13228494,0.11506177,0.032742813,0.0368879,0.0446907,0.09220351,0.1412772,0.068648525,0.17817205,0.08706937,0.14737011,0.07454081,0.93329096,0.77327174,1.0,0.92104554,0.6827133,0.8864937,0.65082616,0.6972201,0.8423743,0.7053926,0.58424693,0.4761979,0.6165318,0.5022139,0.74163115,0.500777,0.6534467,0.7025565,0.6360964,0.6150208,0.68489033,0.63365597,0.34256965,0.2952214,0.33314937,0.33553988,0.28188425,0.319214,0.26050025,0.25904056,0.32288444,0.1706256,0.13052434,0.09287366,0.18856767,0.046106957,0.22351658,0.22647454,0.16781203,0.1897944,0.3043477,0.19221386,0.29109144,0.19892928,0.4503395,0.30840367,0.3912588,0.35881245,0.39818072,0.26402077,0.17880654,0.14727978,0.22820258,0.35678098,0.2284649,0.33612183,0.21025789,0.29960844,0.18082017,0.19992882,0.2637454,0.27337676,0.27100018,0.13723728
0.20575589,0.27391362,0.04572985,0.10980952,0.1658116,0.06436917,0.06508962,0.09163001,0.14899485,0.09025725,0.053644463,0.07263935,0.06942905,0.084288165,0.13990214,0.09116184,0.18473867,0.1327688,0.14652514,0.08349594,0.9824525,0.7181594,0.92104554,1.0,0.7009527,0.95125085,0.70650417,0.7640175,0.7900661,0.68709505,0.63877976,0.5682323,0.6499214,0.5138174,0.75460786,0.48203212,0.67591596,0.68326205,0.7027869,0.5800353,0.63148695,0.6654719,0.38343513,0.2717048,0.29025257,0.4140144,0.30028802,0.37119764,0.33343336,0.36100352,0.3091752,0.18524382,0.18388993,0.21446641,0.2513219,0.042454667,0.2666671,0.26273403,0.19205007,0.18381265,0.36654487,0.27386713,0.30076814,0.26211622,0.45740592,0.26775897,0.38679862,0.3286385,0.43308824,0.25628546,0.18840939,0.19494905,0.21730085,0.29187095,0.2386162,0.31068498,0.20723516,0.3441995,0.18659332,0.19077586,0.24208796,0.27348873,0.25059396,0.09435909
0.18278512,0.20697625,0.013623308,0.02073121,0.12836523,0.06020496,0.028888749,0.0117363725,0.12810764,0.08735944,0.003576764,0.055047788,0.07078974,0.006558759,0.12423015,0.059408072,0.1624307,0.05098343,0.06524104,0.0148060415,0.6501605,0.63561296,0.6827133,0.7009527,1.0000001,0.65073025,0.5684622,0.63441586,0.64024776,0.50771624,0.49797302,0.50045127,0.48478484,0.38178104,0.5680786,0.5131224,0.53121257,0.5617918,0.5778364,0.47482193,0.483076,0.5510447,0.15528041,0.115743,0.131237,0.20802146,0.35106695,0.15793258,0.20143199,0.21218768,0.20026079,0.044406604,0.07317152,0.13637593,0.13435496,-0.051425856,0.13299266,0.34295815,0.054000665,0.12318708,0.2678786,0.13208751,0.17860308,0.15262225,0.46740767,0.30485094,0.32093555,0.35936898,0.45700613,0.24989161,0.26495504,0.2839582,0.2876952,0.32065004,0.30213767,0.3315558,0.32477027,0.46653616,0.21519363,0.28361303,0.3489188,0.33550686,0.29950327,0.21961644
0.2011359,0.27869993,0.059200976,0.1256726,0.15048032,0.078084014,0.09738263,0.09970979,0.16121066,0.116287515,0.046458244,0.100900136,0.053049643,0.08558105,0.15493752,0.11607816,0.1695507,0.15095042,0.15640424,0.094509274,0.96508014,0.67271197,0.8864937,0.95125085,0.65073025,1.0,0.6611973,0.76275444,0.78969765,0.66573656,0.6244993,0.509912,0.58939326,0.5126594,0.721167,0.4634915,0.6147354,0.642714,0.68648255,0.5941184,0.58115596,0.650715,0.3732473,0.26176068,0.28314015,0.37998968,0.27761406,0.41399416,0.29199934,0.355697,0.30696696,0.17920661,0.17580384,0.17040682,0.21914867,0.06768108,0.23882991,0.20593348,0.13848521,0.15310569,0.32648778,0.2638055,0.2780136,0.2216075,0.49951792,0.26384163,0.3943015,0.36242646,0.42259115,0.2853831,0.20980793,0.20197073,0.22459492,0.29715604,0.27818745,0.31561428,0.2296655,0.30824217,0.19341391,0.17758368,0.25349173,0.270467,0.25810814,0.10770926
0.18373202,0.2020238,0.08820564,0.007835522,0.12653145,0.10380499,0.048332073,0.1821046,0.18223016,0.043663852,0.13162547,0.06746663,0.011133229,0.16756546,0.096592434,0.026592463,0.1873944,0.16546795,0.07924028,0.051607788,0.7173447,0.57083946,0.65082616,0.70650417,0.5684622,0.6611973,1.0,0.6418493,0.637156,0.55974275,0.637519,0.6046689,0.7452836,0.45096195,0.69009346,0.5284648,0.6596848,0.71809494,0.55954033,0.55511725,0.5682398,0.570645,0.25141016,0.16340491,0.1628401,0.26261672,0.1968382,0.21465889,0.62154996,0.2759779,0.2880714,0.12818569,0.22923928,0.26087385,0.41596925,0.048306346,0.30404475,0.2777782,0.16706586,0.29637086,0.29664075,0.22582811,0.47168544,0.15982197,0.3236376,0.20222099,0.6131807,0.29861236,0.44566798,0.34989208,0.2769631,0.1732149,0.27303022,0.27834415,0.30756614,0.29289347,0.18466474,0.32154578,0.17044534,0.32763395,0.19798963,0.32615542,0.35914427,0.114797175
0.25687116,0.27117717,0.08340008,0.09307365,0.16770792,0.07230927,0.063167185,0.11001581,0.15248933,0.097471535,0.097767964,0.08328209,0.043319695,0.0979802,0.13789703,0.08631564,0.20256415,0.15806836,0.11995661,0.06656554,0.75569,0.63491976,0.6972201,0.7640175,0.63441586,0.76275444,0.6418493,1.0000002,0.68259335,0.5724275,0.6070964,0.59675956,0.5474533,0.4727232,0.672484,0.51615876,0.58279043,0.5292116,0.69983137,0.4778909,0.60807973,0.5783821,0.23667635,0.16103193,0.16553666,0.2521696,0.14686868,0.25714022,0.2743249,0.52341145,0.22987106,0.11780824,0.18764365,0.24888629,0.21145794,0.028369203,0.23570417,0.22115538,0.091181144,0.07183333,0.36094853,0.22222795,0.25783676,0.15426302,0.4354351,0.21607397,0.31467116,0.5190568,0.32564187,0.26613092,0.21718583,0.2559194,0.38307816,0.2583229,0.21005644,0.42932975,0.24743196,0.33219388,0.11338119,0.19691461,0.3121968,0.2768879,0.15745786,0.21671163
0.20449671,0.27008533,0.07220266,0.13166532,0.121516325,0.08311038,0.058392704,0.11038712,0.16155957,0.075155705,0.037012868,0.05868888,0.03312911,0.12809046,0.1560966,0.11419299,0.12854359,0.09656567,0.15656671,0.07059254,0.81450224,0.7312045,0.8423743,0.7900661,0.64024776,0.78969765,0.637156,0.68259335,0.99999994,0.7161549,0.5657011,0.45956647,0.59485245,0.52932584,0.72333044,0.50677425,0.62242246,0.62164867,0.67577434,0.6025156,0.6469825,0.63817453,0.22073558,0.1714657,0.17531109,0.2132324,0.1552433,0.21275145,0.24021226,0.22742233,0.36652678,0.1435273,0.09984498,0.08470755,0.18760304,0.07128608,0.20434701,0.21518284,0.11299934,0.08249051,0.2964782,0.18697095,0.22819553,0.10654521,0.48084265,0.32917866,0.4051739,0.38562846,0.5588489,0.36775526,0.2278276,0.2779326,0.26461104,0.41550896,0.28344387,0.3662816,0.3040706,0.33467603,0.22142929,0.2247929,0.33924347,0.3704998,0.27033347,0.18467164
0.14766875,0.29303145,0.14433977,0.13300183,0.09574228,0.065745264,0.07121494,0.11528453,0.23017278,0.1019359,0.01115549,0.036156684,0.09213114,0.12146232,0.11608423,0.1455774,0.22345561,0.07848348,0.1900869,0.07081112,0.70886457,0.6188147,0.7053926,0.68709505,0.50771624,0.66573656,0.55974275,0.5724275,0.7161549,1.0000004,0.4667278,0.41292578,0.55516976,0.40721488,0.71945363,0.43815675,0.6004521,0.5904671,0.6324682,0.5570729,0.660773,0.5153979,0.18181044,0.17586777,0.13686246,0.17667122,0.11309181,0.16438118,0.19960493,0.156524,0.19753945,0.3234132,0.05255986,0.05865251,0.18103668,0.04183094,0.21990302,0.12595609,0.14744714,0.11367178,0.31428266,0.11185384,0.1839291,0.07578112,0.33020914,0.26854277,0.2975766,0.29353705,0.3196144,0.34757566,0.15584129,0.19912234,0.19170618,0.4686014,0.22422525,0.28237963,0.2083942,0.27418482,0.1600815,0.19771372,0.28472766,0.3608663,0.23090166,0.14420016
0.1295963,0.15739925,0.024712726,0.013579752,0.10819288,0.100883916,0.09173539,0.16840541,0.22739476,0.027300835,0.40341562,0.09545831,0.08003601,0.13922964,0.12547326,0.03512286,0.15859532,0.24252023,0.047533717,0.06818524,0.6566573,0.536359,0.58424693,0.63877976,0.49797302,0.6244993,0.637519,0.6070964,0.5657011,0.4667278,0.99999994,0.7045733,0.53621936,0.40824753,0.54584837,0.427138,0.6066401,0.5228338,0.5972966,0.4923663,0.49152637,0.4761521,0.20998555,0.15560326,0.15910666,0.2141675,0.15387677,0.19997182,0.32301873,0.27830073,0.22129467,0.08773063,0.55480736,0.3810206,0.24546646,0.040644985,0.18109283,0.2861207,0.22745748,0.17382675,0.3601973,0.17205414,0.260889,0.12918717,0.26124525,0.16534984,0.34109882,0.2311886,0.26261276,0.22086254,0.58631104,0.22359608,0.15714003,0.19475067,0.2228927,0.18710642,0.09020488,0.19887385,0.10238221,0.34999877,0.17583986,0.26393574,0.18121791,0.07527216
0.14380354,0.08848271,0.04946109,-0.009217261,0.16692294,0.09465216,0.052763052,0.13969666,0.2859813,0.027580284,0.21074182,0.14999586,0.07710481,0.19497757,0.09461493,0.05632117,0.123298384,0.18667608,0.07527992,0.07507184,0.551908,0.4241552,0.4761979,0.5682323,0.50045127,0.509912,0.6046689,0.59675956,0.45956647,0.41292578,0.7045733,1.0000002,0.48876178,0.38462633,0.5081146,0.5181185,0.47124383,0.40181547,0.48636338,0.3849073,0.45054555,0.4235282,0.13391957,0.048135385,0.07795078,0.15141343,0.08356157,0.106802724,0.2601616,0.22556116,0.09717148,0.026931705,0.29498303,0.620509,0.22429122,0.015854565,0.14447708,0.24835142,0.10764814,0.04112678,0.24028423,0.11923528,0.17599967,0.113040075,0.17507045,0.06026032,0.21994013,0.21911803,0.22787252,0.17147645,0.37212086,0.3592106,0.1781977,0.16196358,0.19234157,0.18574099,0.0999389,0.19204335,0.061417058,0.27476192,0.15616691,0.29387778,0.08424978,0.05644991
0.06407559,0.17921397,0.13490482,-0.04667382,0.06154512,0.063004375,0.020444551,0.08137058,0.15878466,0.0224314,0.047299642,0.024121314,-0.01941493,0.10307714,0.034726392,0.00033149868,0.0962594,0.069505766,0.008605342,0.020205854,0.6653732,0.5472902,0.6165318,0.6499214,0.48478484,0.58939326,0.7452836,0.5474533,0.59485245,0.55516976,0.53621936,0.48876178,1.0,0.6044637,0.7655976,0.44606906,0.65222967,0.57082176,0.5343113,0.46001297,0.5472724,0.5015948,0.10677861,0.039483763,0.03124716,0.11945258,0.05148647,0.06270996,0.34154165,0.15372804,0.1447305,0.026503067,0.09520453,0.115366474,0.30028328,-0.047211036,0.2604624,0.13758631,0.09075527,0.1027796,0.20759717,0.11035977,0.21343318,0.031939734,0.15620768,0.112023994,0.37152913,0.14008147,0.28175244,0.31058457,0.12423183,0.08299544,0.116917916,0.19061954,0.21795738,0.21338305,0.08539406,0.32493952,0.095058426,0.19043848,0.09135831,0.16916606,0.16488728,0.111519106
0.08145704,0.0646762,0.049261767,-0.018673383,0.06858673,0.10313194,0.06070412,0.018695753,0.120766066,-0.020438123,-0.019321226,0.025178978,0.0071130805,0.03819488,0.028355356,0.057270277,0.009907823,0.0063290987,0.043154888,0.038734116,0.53479815,0.43515503,0.5022139,0.5138174,0.38178104,0.5126594,0.45096195,0.4727232,0.52932584,0.40721488,0.40824753,0.38462633,0.6044637,0.99999994,0.46306622,0.45669305,0.35558942,0.36904222,0.4081113,0.36395097,0.3357959,0.3927886,0.10458693,0.031929567,0.06104213,0.10389426,0.022113219,0.095485926,0.13993588,0.13483642,0.16786447,-0.00942504,0.0833392,0.08025517,0.035070397,0.17576198,0.07155399,0.14424393,0.0073790327,0.006356382,0.1517432,0.08642526,0.08686274,-0.01207222,0.2294805,0.123723015,0.18951026,0.16522214,0.29003876,0.23702748,0.12775877,0.2045551,0.111854956,0.12358987,0.25344166,0.15372364,0.121800825,0.28107497,0.07877533,0.10076313,0.21654283,0.1536748,0.11411392,0.075416796
0.15679729,0.26636162,0.16866317,0.034636665,0.10415819,0.10496046,0.083086595,0.13413408,0.1707556,0.08758241,0.022700371,0.073490515,0.03129543,0.1148393,0.09447028,0.090316534,0.11688128,0.10984932,0.12251816,0.039171074,0.7768235,0.6153282,0.74163115,0.75460786,0.5680786,0.721167,0.69009346,0.672484,0.72333044,0.71945363,0.54584837,0.5081146,0.7655976,0.46306622,1.0000001,0.54002666,0.67080104,0.6195385,0.62393475,0.47836703,0.6376945,0.56615984,0.18231276,0.119388245,0.1165735,0.18695544,0.10608368,0.15576902,0.29052812,0.22557378,0.17879917,0.1450493,0.09251608,0.12943156,0.26889804,0.025449071,0.42339393,0.1795102,0.10695004,0.1033848,0.28423828,0.14113325,0.24841438,0.090665594,0.25497282,0.12287928,0.35639262,0.25844422,0.29219347,0.36755365,0.15357924,0.15046895,0.23459613,0.3471947,0.22565581,0.25231153,0.116883196,0.3299712,0.13326305,0.20070484,0.16190213,0.2597316,0.1918626,0.13890703
0.16556822,0.14312544,0.02762685,0.033847306,0.22313824,0.2574314,0.10446649,0.10240101,0.22462165,0.07383647,-0.020578286,0.062501036,0.044192016,0.16187194,0.12584387,0.09993537,0.13994771,0.18526079,0.15546118,0.099400625,0.49514478,0.45295343,0.500777,0.48203212,0.5131224,0.4634915,0.5284648,0.51615876,0.50677425,0.43815675,0.427138,0.5181185,0.44606906,0.45669305,0.54002666,1.0,0.41313714,0.43103558,0.4048069,0.3752936,0.43978244,0.35605055,0.13089961,0.1048571,0.13513513,0.12434991,0.14436164,0.11179112,0.19539692,0.15485895,0.1779632,0.10197085,0.105459705,0.1926333,0.15761754,0.09553303,0.20380452,0.30708212,0.09887808,0.08699705,0.16512184,0.028881924,0.16973054,0.0050926404,0.24691558,0.15095663,0.2325615,0.2698739,0.25348124,0.19363114,0.18316537,0.19138962,0.23135844,0.24047785,0.2748897,0.26279163,0.13632482,0.33336264,0.08140427,0.20033368,0.22927451,0.30746853,0.1650195,0.054508492
0.09924637,0.34159014,0.13457368,-0.008241392,0.0665479,0.029801788,0.037817016,0.063031115,0.1551357,0.019896068,0.1520288,-0.011912774,0.043516003,0.16565779,0.09038068,0.099256836,0.24745393,0.12624381,0.08405167,-0.015893389,0.687631,0.5964755,0.6534467,0.67591596,0.53121257,0.6147354,0.6596848,0.58279043,0.62242246,0.6004521,0.6066401,0.47124383,0.65222967,0.35558942,0.67080104,0.41313714,0.9999997,0.66615343,0.5960619,0.6015414,0.6541069,0.6432006,0.12796605,0.08402652,0.056720346,0.13301012,0.0652579,0.08420264,0.24533242,0.15853515,0.12843156,0.07370207,0.12856844,0.080596045,0.16020176,-0.034005135,0.16755125,0.13356876,0.19673744,0.18431425,0.2686492,0.19252837,0.17663781,0.06051419,0.27850443,0.20348983,0.40218237,0.2508538,0.35258538,0.32541218,0.25602227,0.21970956,0.24903758,0.3447308,0.23048732,0.28671432,0.21432562,0.30525306,0.21674347,0.4763315,0.24826252,0.36738896,0.36322224,0.24022621
0.03858128,0.18982133,0.018370273,0.051482916,0.07732457,-0.030992463,-0.07654933,-0.02637717,0.08838974,-0.014328426,0.023466937,-0.040185865,0.005299289,0.011974927,0.047326528,-0.008964509,0.13658375,-0.009088557,0.046681933,-0.046276413,0.6950343,0.6218004,0.7025565,0.68326205,0.5617918,0.642714,0.71809494,0.5292116,0.62164867,0.5904671,0.5228338,0.40181547,0.57082176,0.36904222,0.6195385,0.43103558,0.66615343,1.0,0.5286257,0.6397928,0.5317335,0.55446035,0.2360141,0.2067467,0.18345788,0.22650242,0.19310682,0.1971418,0.37457597,0.18538634,0.2096422,0.12290613,0.14783573,0.08036637,0.21788298,0.0740252,0.21451059,0.18406576,0.14653113,0.5567441,0.2568341,0.17000234,0.31559908,0.117754936,0.30385387,0.3200664,0.49349853,0.23398829,0.3804285,0.27233225,0.19720273,0.108782545,0.24701919,0.3241443,0.28247344,0.23048335,0.18555495,0.2852484,0.17400157,0.25363654,0.22878237,0.25494975,0.5214643,0.17852613
0.18195465,0.31355092,0.14546704,0.101287305,0.09638986,0.12178496,0.069642216,0.09880218,0.17332506,0.082642324,0.11383867,0.023259576,0.15692079,0.0986756,0.15104963,0.12823193,0.24665782,0.1516005,0.13617386,0.024844911,0.7098608,0.55169296,0.6360964,0.7027869,0.5778364,0.68648255,0.55954033,0.69983137,0.67577434,0.6324682,0.5972966,0.48636338,0.5343113,0.4081113,0.62393475,0.4048069,0.5960619,0.5286257,1.0000001,0.5225145,0.6204356,0.61057824,0.17685112,0.1019223,0.082168594,0.1794276,0.08595031,0.18206838,0.22726771,0.30345374,0.20171499,0.12108372,0.1767523,0.15507993,0.18387096,0.05100381,0.18847117,0.12604451,0.118759915,0.08283892,0.6042851,0.24470437,0.13604283,0.112136304,0.38556534,0.19525158,0.33012253,0.2859578,0.3784212,0.35365504,0.25840047,0.24936943,0.17416318,0.26161432,0.2593615,0.33457,0.24351823,0.30902207,0.17530334,0.18972196,0.32780915,0.30546558,0.21993747,0.18532401
0.1464802,0.2506546,0.098865226,0.091215014,0.20456447,0.0473316,0.045160495,0.11891467,0.16144618,0.1274845,0.07774902,0.030775346,0.04950248,0.1417533,0.16990367,0.1628542,0.21575265,0.107695304,0.19170314,0.10152742,0.60537285,0.5708072,0.6150208,0.5800353,0.47482193,0.5941184,0.55511725,0.4778909,0.6025156,0.5570729,0.4923663,0.3849073,0.46001297,0.36395097,0.47836703,0.3752936,0.6015414,0.6397928,0.5225145,1.0,0.5918969,0.48673877,0.17369303,0.1488402,0.14564711,0.14442289,0.11252908,0.16997859,0.20981687,0.11248551,0.19340494,0.10975979,0.1145436,0.05758241,0.14647943,0.14867648,0.10165055,0.17995843,0.08018413,0.2396964,0.24907982,0.09930897,0.17133228,0.025255535,0.34022343,0.26915917,0.36514956,0.27736962,0.3672468,0.29021907,0.22908759,0.2311649,0.25653714,0.337169,0.35198516,0.23599027,0.26093832,0.20213279,0.24137071,0.32628375,0.34316558,0.35679176,0.4621477,0.13988195
0.1768285,0.42264342,0.109610826,0.12983942,0.15531766,0.07454361,0.030238891,0.1746217,0.21933499,0.1956162,0.16024433,0.0550531,0.049716853,0.21064281,0.19436657,0.10884365,0.36388704,0.14862972,0.17051792,0.1530554,0.6552963,0.60040873,0.68489033,0.63148695,0.483076,0.58115596,0.5682398,0.60807973,0.6469825,0.660773,0.49152637,0.45054555,0.5472724,0.3357959,0.6376945,0.43978244,0.6541069,0.5317335,0.6204356,0.5918969,1.0,0.48806918,0.2138497,0.21663395,0.19175161,0.18874943,0.13908699,0.17045698,0.24543896,0.24770409,0.24044581,0.20564121,0.12022055,0.13399374,0.19648835,0.0055136904,0.23483387,0.16947027,0.24220237,0.12957382,0.38953942,0.12677291,0.22896962,0.14728107,0.32762977,0.21024898,0.33138707,0.34056878,0.31403804,0.23714101,0.15259054,0.20265754,0.25839812,0.43780127,0.19692168,0.44998932,0.26802924,0.25751352,0.17794457,0.2903703,0.28891444,0.36614525,0.2573193,0.19178033
0.11867958,0.22927572,0.07907075,0.06619915,0.098411724,0.04501734,0.048905622,0.086278535,0.112001374,0.019849874,0.048000194,0.0363454,0.10076337,0.086636886,0.13812412,0.09331088,0.13597764,0.091508105,0.1241826,0.015681034,0.67659914,0.53075063,0.63365597,0.6654719,0.5510447,0.650715,0.570645,0.5783821,0.63817453,0.5153979,0.4761521,0.4235282,0.5015948,0.3927886,0.56615984,0.35605055,0.6432006,0.55446035,0.61057824,0.48673877,0.48806918,1.0000001,0.18068832,0.09155679,0.08964742,0.19030614,0.12269287,0.17095473,0.24799214,0.21832559,0.16111694,0.093223006,0.09812822,0.11954433,0.13131256,-7.950142e-05,0.16209736,0.1292962,0.11978039,0.13355102,0.2962667,0.56421447,0.19426775,0.17251152,0.43096477,0.17479214,0.40196115,0.23154932,0.44406858,0.36439186,0.23439287,0.30963567,0.27202538,0.3188833,0.25771946,0.24918677,0.29186505,0.29259902,0.27412945,0.2926376,0.3634923,0.3569579,0.3418922,0.22376652
0.06857777,0.15606889,-0.010534463,0.13800783,0.21357566,0.03725514,0.0018078908,0.09562699,0.05745323,0.13241841,0.06744195,0.07773179,-0.022613537,-0.0023526438,0.08159541,0.06858997,0.14959472,0.059660047,0.08734435,0.12656263,0.38743,0.27795708,0.34256965,0.38343513,0.15528041,0.3732473,0.25141016,0.23667635,0.22073558,0.18181044,0.20998555,0.13391957,0.10677861,0.10458693,0.18231276,0.13089961,0.12796605,0.2360141,0.17685112,0.17369303,0.2138497,0.18068832,1.0000002,0.94678795,0.9530564,0.9776368,0.8322197,0.9733175,0.74323446,0.803349,0.8768347,0.8221581,0.71371865,0.6075566,0.7250576,0.5785998,0.7793875,0.59420425,0.7474557,0.72085273,0.6900594,0.6462394,0.80764574,0.57237476,0.40495902,0.33653656,0.35476196,0.31481016,0.34422457,0.1976485,0.21919154,0.1513142,0.2601561,0.27890658,0.20867115,0.2703304,0.21879874,0.18201452,0.22435619,0.19129029,0.14126888,0.24389184,0.28794727,0.0629969
